01,00	25,0.00,,CLR:00,10.00,20,11
01,01	25,0.00,,CLR:00,10.00,,5
01,02	25,0.00,,CLR:00,10.00,,6
01,03	25,0.00,,CLR:00,10.00,,11
01,04	26,0.00,,CLR:00,10.00,16,8
01,05	26,0.00,,CLR:00,10.00,,5
01,06	26,0.00,,CLR:00,10.00,,8
01,07	28,0.00,,CLR:00,10.00,,
01,08	30,0.00,,CLR:00,10.00,,8
01,09	32,0.00,,SCT:04 45,10.00,,6
01,10	34,0.00,,CLR:00,10.00,,0
01,11	37,0.00,,CLR:00,10.00,20,8
01,12	39,0.00,,CLR:00,10.00,17,8
01,13	41,0.00,,CLR:00,10.00,17,6
01,14	42,0.00,,CLR:00,10.00,20,9
01,15	43,0.00,,,10.00,22,8
01,16	43,0.00,,CLR:00,10.00,,10
01,17	43,0.00,,CLR:00,10.00,,7
01,18	42,0.00,,CLR:00,10.00,,6
01,19	40,0.00,,CLR:00,10.00,,0
01,20	41,0.00,,CLR:00,10.00,,0
01,21	40,0.00,,CLR:00,10.00,,0
01,22	41,0.00,,CLR:00,10.00,,3
01,23	42,0.00,,BKN:07 110,10.00,,
01,24	,,,,,,
02,00	40,0.00,,CLR:00,10.00,,3
02,01	42,0.00,,BKN:07 95,10.00,,7
02,02	42,0.00,,CLR:00,10.00,,3
02,03	40,0.00,,CLR:00,10.00,,0
02,04	41,0.00,,CLR:00,10.00,,5
02,05	41,0.00,,CLR:00,10.00,,7
02,06	41,0.00,,CLR:00,10.00,,5
02,07	44,0.00,,CLR:00,10.00,17,6
02,08	45,0.00,,BKN:07 90,10.00,23,10
02,09	47,0.00,,FEW:02 90,10.00,,7
02,10	50,0.00,,CLR:00,10.00,,6
02,11	54,0.00,,CLR:00,10.00,,8
02,12	56,0.00,,CLR:00,10.00,,9
02,13	57,0.00,,CLR:00,10.00,,11
02,14	57,0.00,,CLR:00,10.00,,7
02,15	54,0.00,,CLR:00,10.00,,9
02,16	54,0.00,,CLR:00,10.00,,8
02,17	53,0.00,,SCT:04 110,10.00,,6
02,18	56,0.00,,FEW:02 95,10.00,,6
02,19	56,0.00,,CLR:00,10.00,,6
02,20	56,0.00,,CLR:00,10.00,,
02,21	57,0.00,,CLR:00,10.00,,6
02,22	57,0.00,,BKN:07 110,10.00,,6
02,23	56,0.00,,OVC:08 60,10.00,,8
02,24	,,,,,,
03,00	54,T,-RA:02 |RA |RA,OVC:08 50,10.00,20,10
03,01	,0.01,-RA:02 ||,,10.00,,
03,02	52,T,-RA:02 |RA |RA,FEW:02 55 BKN:07 80 OVC:08 110,10.00,,
03,03	52,0.00,,FEW:02 35 FEW:02 110,10.00,,7
03,04	51,0.00,,CLR:00,10.00,,5
03,05	51,0.00,,CLR:00,10.00,18,5
03,06	50,0.00,,CLR:00,10.00,,5
03,07	51,0.00,,CLR:00,10.00,,7
03,08	56,0.00,,CLR:00,10.00,,5
03,09	59,0.00,,CLR:00,10.00,,0
03,10	58,0.00,,CLR:00,10.00,,6
03,11	57,0.00,,CLR:00,10.00,,5
03,12	58,0.00,,CLR:00,10.00,,6
03,13	55,0.00,,CLR:00,10.00,,11
03,14	51,0.01,-RA:02 |RA |RA,BKN:07 65 OVC:08 95,4.00,,3
03,15	50,0.04,RA:02 BR:1 |RA |RA,BKN:07 50 OVC:08 65,2.00,,8,50,,RA:02 BR:1 |RA |RA,BKN:07 37 OVC:08 50,1.50,,7,50,0.11s,RA:02 BR:1 |RA |RA,BKN:07 37 BKN:07 50 OVC:08 75,1.25,,7
03,16	50,0.02,-RA:02 BR:1 |RA |RA,OVC:08 35,3.00,,3,50,0.03,-RA:02 |RA |RA,FEW:02 17 BKN:07 27 OVC:08 32,7.00,20,6,48,0.03,,BKN:07 11 BKN:07 17 OVC:08 28,7.00,,6,49,0.01,,BKN:07 11 BKN:07 16 OVC:08 28,7.00,,6
03,17	49,,BR:1 ||,OVC:08 9,6.00,16,10,50,0.00,BR:1 ||,OVC:08 8,4.00,,6
03,18	54,,,BKN:07 16 OVC:08 21,8.00,,6,51,,BR:1 ||,BKN:07 11 OVC:08 18,6.00,,3,53,0.00,,BKN:07 16 OVC:08 21,8.00,,8
03,19	53,,,BKN:07 12 BKN:07 19 OVC:08 26,8.00,,5,54,,,SCT:04 12 BKN:07 17 OVC:08 26,8.00,,,54,0.00,,SCT:04 12 OVC:08 26,8.00,,
03,20	53,,,FEW:02 12 SCT:04 25,8.00,,,54,,,SCT:04 14 BKN:07 25,8.00,,6,54,,,BKN:07 14,8.00,17,8,54,0.00,,OVC:08 13,7.00,,10
03,21	54,,,SCT:04 13 SCT:04 20 BKN:07 65,8.00,18,9,54,,,BKN:07 21 BKN:07 65 BKN:07 85,8.00,,6,53,0.02s,-RA:02 BR:1 |RA |RA,BKN:07 21 OVC:08 36,4.00,,0
03,22	52,0.10,-RA:02 |RA |RA,FEW:02 13 BKN:07 55 OVC:08 70,8.00,32,11,53,0.02,-RA:02 BR:1 |RA |RA,BKN:07 15 OVC:08 23,4.00,,9,53,0.04,RA:02 BR:1 |RA |RA,SCT:04 10 BKN:07 17 OVC:08 22,2.00,,,53,0.07,RA:02 BR:1 |RA |RA,FEW:02 10 BKN:07 13 OVC:08 19,1.75,17,7,52,0.10,RA:02 BR:1 |RA |RA,FEW:02 10 BKN:07 20 OVC:08 48,2.50,25,16,52,0.11,-RA:02 |RA |RA,FEW:02 10 SCT:04 13 OVC:08 50,4.00,31,18
03,23	52,0.00,,FEW:02 45 FEW:02 110,10.00,22,9
03,24	,,,,,,,53,0.02,-RA:02 BR:1 |RA |RA,FEW:02 10 BKN:07 19 OVC:08 36,2.50,,5
04,00	51,0.00,,CLR:00,10.00,23,10
04,01	49,0.00,,CLR:00,10.00,22,14
04,02	48,0.00,,FEW:02 120,10.00,,3
04,03	47,0.00,,CLR:00,10.00,,8
04,04	46,0.00,,CLR:00,10.00,,5
04,05	46,0.00,,CLR:00,10.00,,
04,06	46,0.00,,CLR:00,10.00,30,15
04,07	46,0.00,,CLR:00,10.00,26,11
04,08	47,0.00,,CLR:00,10.00,24,13
04,09	48,0.00,,CLR:00,10.00,26,13
04,10	50,0.00,,CLR:00,10.00,25,10
04,11	51,0.00,,FEW:02 65,10.00,26,14
04,12	53,0.00,,CLR:00,10.00,,
04,13	54,0.00,,CLR:00,10.00,25,14
04,14	55,0.00,,CLR:00,10.00,28,13
04,15	55,0.00,,CLR:00,10.00,23,15
04,16	55,0.00,,CLR:00,10.00,21,7
04,17	54,0.00,,CLR:00,10.00,29,15
04,18	52,0.00,,OVC:08 100,10.00,20,6
04,19	50,T,,BKN:07 65,10.00,,
04,20	51,T,-RA:02 |RA |RA,SCT:04 50 OVC:08 75,10.00,20,8
04,21	50,T,,FEW:02 42 BKN:07 70 OVC:08 110,10.00,20,10
04,22	47,0.00,,FEW:02 27 FEW:02 32 BKN:07 85,10.00,17,7
04,23	46,0.00,,BKN:07 44,10.00,,3
04,24	,,,,,,
05,00	45,0.00,,CLR:00,10.00,,3
05,01	44,0.00,,FEW:02 32,10.00,21,10
05,02	43,0.00,,CLR:00,10.00,,
05,03	42,0.00,,CLR:00,10.00,18,9
05,04	41,0.00,,CLR:00,10.00,,3
05,05	40,0.00,,CLR:00,10.00,,5
05,06	39,0.00,,CLR:00,10.00,17,9
05,07	40,0.00,,,10.00,20,9
05,08	41,0.00,,CLR:00,10.00,,6
05,09	43,0.00,,CLR:00,10.00,,9
05,10	46,0.00,,CLR:00,10.00,,0
05,11	46,0.00,,CLR:00,10.00,,0
05,12	49,0.00,,CLR:00,10.00,,5
05,13	49,0.00,,CLR:00,10.00,,5
05,14	51,0.00,,CLR:00,10.00,,3
05,15	50,0.00,,CLR:00,10.00,,10
05,16	51,0.00,,CLR:00,10.00,,0
05,17	48,0.00,,CLR:00,10.00,,9
05,18	45,0.00,,CLR:00,10.00,,6
05,19	44,0.00,,CLR:00,10.00,,0
05,20	44,0.00,,CLR:00,10.00,,5
05,21	43,0.00,,CLR:00,10.00,,3
05,22	42,0.00,,CLR:00,10.00,,7
05,23	43,0.00,,CLR:00,10.00,,6
05,24	,,,,,,
06,00	43,0.00,,CLR:00,10.00,,6
06,01	42,0.00,,CLR:00,10.00,,9
06,02	42,0.00,,CLR:00,10.00,,6
06,03	42,0.00,,CLR:00,10.00,,0
06,04	41,0.00,,CLR:00,10.00,,6
06,05	40,0.00,,CLR:00,8.00,,5
06,06	39,0.00,BR:1 ||,SCT:04 8 SCT:04 14,6.00,,5,39,,BR:1 ||,FEW:02 8 FEW:02 14,6.00,,5
06,07	39,,BR:1 ||,SCT:04 8 BKN:07 15,6.00,,8,39,,BR:1 ||,BKN:07 8,6.00,,6,41,,,SCT:04 8,7.00,,8,41,0.00,,SCT:04 8,8.00,,9
06,08	43,0.00,,BKN:07 120,10.00,17,7
06,09	43,,,SCT:04 22 BKN:07 27 OVC:08 120,10.00,,8,45,0.00,,BKN:07 24 OVC:08 110,10.00,,6
06,10	44,,,FEW:02 26 OVC:08 110,10.00,,8,44,0.00,,BKN:07 95,10.00,,11
06,11	44,,,BKN:07 27 OVC:08 90,10.00,,7,43,T,-RA:02 |RA |RA,OVC:08 26,10.00,,10
06,12	43,T,,OVC:08 24,10.00,20,11
06,13	43,0.01,-RA:02 |RA |RA,BKN:07 25 OVC:08 37,10.00,23,13
06,14	41,0.05,-RA:02 |RA |RA,BKN:07 19 OVC:08 26,3.00,17,10
06,15	40,0.03,RA:02 BR:1 |RA |RA,OVC:08 15,2.00,,6,40,,RA:02 BR:1 |RA |RA,OVC:08 14,3.00,,9,40,0.08,-RA:02 |RA |RA,BKN:07 13 BKN:07 25 OVC:08 34,7.00,18,9,40,T,-RA:02 |RA |RA,SCT:04 13 BKN:07 22 OVC:08 34,10.00,17,11
06,16	40,0.02,-RA:02 |RA |RA,FEW:02 13 SCT:04 19 OVC:08 27,7.00,,7
06,17	39,0.02,-RA:02 BR:1 |RA |RA,BKN:07 12 BKN:07 19 OVC:08 26,4.00,,8,38,0.07,-RA:02 BR:1 |RA |RA,OVC:08 12,4.00,17,9
06,18	38,0.08,+RA:02 BR:1 |RA |RA,OVC:08 10,1.75,20,13,38,0.10,-RA:02 BR:1 |RA |RA,SCT:04 11 OVC:08 16,2.00,20,9,38,0.11,-RA:02 BR:1 |RA |RA,FEW:02 11 OVC:08 20,6.00,,,38,0.12,-RA:02 BR:1 |RA |RA,SCT:04 14 OVC:08 24,6.00,,8
06,19	39,T,-RA:02 |RA |RA,FEW:02 30 OVC:08 38,10.00,,7,38,T,-RA:02 |RA |RA,SCT:04 14 OVC:08 30,9.00,,7
06,20	40,0.01,,SCT:04 17 BKN:07 24 OVC:08 55,10.00,,3,39,0.01,,SCT:04 17 BKN:07 24 OVC:08 70,10.00,,9
06,21	38,T,-RA:02 |RA |RA,FEW:02 20 OVC:08 35,10.00,,10,39,T,-RA:02 |RA |RA,FEW:02 15 SCT:04 19 OVC:08 33,10.00,16,5
06,22	37,0.01,|RA |,,10.00,22,8,37,T,-RA:02 |RA |RA,BKN:07 20 BKN:07 28 OVC:08 33,8.00,,9
06,23	38,T,,OVC:08 55,10.00,,8,38,T,,FEW:02 17 SCT:04 22 OVC:08 46,10.00,,8
06,24	38,T,-RA:02 |RA |RA,BKN:07 14 OVC:08 28,8.00,,9,,,,,,,
07,00	38,0.00,,OVC:08 75,10.00,,6
07,01	38,0.00,,FEW:02 20 BKN:07 70 OVC:08 90,10.00,,3
07,02	38,0.00,,FEW:02 18 BKN:07 70 OVC:08 100,10.00,16,8
07,03	37,0.00,,FEW:02 21 BKN:07 95,10.00,18,5
07,04	36,0.00,,CLR:00,10.00,,9
07,05	36,0.00,,BKN:07 44 OVC:08 55,10.00,,5
07,06	36,0.00,,BKN:07 40 OVC:08 55,10.00,,
07,07	37,0.00,,FEW:02 32 BKN:07 42,10.00,23,8
07,08	37,0.00,,CLR:00,10.00,25,15
07,09	39,0.00,,CLR:00,10.00,20,8
07,10	41,0.00,,CLR:00,10.00,,
07,11	43,0.00,,CLR:00,10.00,24,11
07,12	45,0.00,,CLR:00,10.00,22,9
07,13	46,0.00,,CLR:00,10.00,21,7
07,14	48,0.00,,CLR:00,10.00,,6
07,15	48,0.00,,CLR:00,10.00,20,8
07,16	47,0.00,,CLR:00,10.00,,6
07,17	45,0.00,,CLR:00,10.00,,7
07,18	44,0.00,,CLR:00,10.00,,9
07,19	43,0.00,,CLR:00,10.00,,5
07,20	41,0.00,,CLR:00,10.00,,6
07,21	40,0.00,,CLR:00,10.00,17,13
07,22	38,0.00,,CLR:00,10.00,18,6
07,23	37,0.00,,CLR:00,10.00,,9
07,24	,,,,,,
08,00	36,0.00,,CLR:00,10.00,,5
08,01	36,0.00,,CLR:00,10.00,,8
08,02	36,0.00,,CLR:00,10.00,,8
08,03	36,0.00,,BKN:07 95,10.00,,6
08,04	36,0.00,,CLR:00,10.00,,6
08,05	36,0.00,,OVC:08 95,10.00,,6
08,06	37,0.00,,CLR:00,10.00,,3
08,07	39,0.00,,BKN:07 110,10.00,,7
08,08	40,0.00,,CLR:00,10.00,,0
08,09	43,0.00,,CLR:00,10.00,,5
08,10	48,0.00,,BKN:07 95,10.00,,0
08,11	49,0.00,,BKN:07 90,10.00,,
08,12	52,0.00,,CLR:00,10.00,,8
08,13	56,0.00,,CLR:00,10.00,,8
08,14	58,0.00,,CLR:00,10.00,21,9
08,15	59,0.00,,CLR:00,10.00,,
08,16	58,0.00,,CLR:00,10.00,20,9
08,17	56,0.00,,CLR:00,10.00,,8
08,18	56,0.00,,CLR:00,10.00,22,9
08,19	54,0.00,,CLR:00,10.00,,8
08,20	54,0.00,,CLR:00,10.00,,8
08,21	53,0.00,,CLR:00,10.00,18,10
08,22	52,0.00,,CLR:00,10.00,,8
08,23	52,0.00,,CLR:00,10.00,18,6
08,24	,,,,,,
09,00	50,0.00,,CLR:00,10.00,22,11
09,01	50,0.00,,CLR:00,10.00,,8
09,02	51,0.00,,CLR:00,10.00,28,16
09,03	48,0.00,,CLR:00,10.00,17,7
09,04	48,0.00,,CLR:00,10.00,,
09,05	47,0.00,,CLR:00,10.00,,6
09,06	47,0.00,,CLR:00,10.00,,8
09,07	49,0.00,,CLR:00,10.00,,5
09,08	51,0.00,,CLR:00,10.00,,5
09,09	55,0.00,,,10.00,,9
09,10	61,0.00,,CLR:00,10.00,17,8
09,11	66,0.00,,CLR:00,10.00,24,6
09,12	68,0.00,,CLR:00,10.00,17,6
09,13	69,0.00,,CLR:00,10.00,,8
09,14	71,0.00,,CLR:00,10.00,,
09,15	71,0.00,,CLR:00,10.00,21,6
09,16	70,0.00,,CLR:00,10.00,,9
09,17	68,0.00,,CLR:00,10.00,,3
09,18	67,0.00,,CLR:00,10.00,,
09,19	65,0.00,,CLR:00,10.00,18,8
09,20	64,0.00,,CLR:00,10.00,,5
09,21	62,0.00,,CLR:00,10.00,,
09,22	61,0.00,,CLR:00,10.00,,
09,23	60,0.00,,CLR:00,10.00,,7
09,24	,,,,,,
10,00	60,0.00,,CLR:00,10.00,23,9
10,01	58,0.00,,CLR:00,10.00,18,10
10,02	57,0.00,,CLR:00,10.00,22,11
10,03	56,0.00,,CLR:00,10.00,24,13
10,04	55,0.00,,CLR:00,10.00,,8
10,05	55,0.00,,CLR:00,10.00,18,7
10,06	55,0.00,,CLR:00,10.00,20,8
10,07	54,0.00,,CLR:00,10.00,24,14
10,08	56,0.00,,SCT:04 120,10.00,21,8
10,09	59,0.00,,CLR:00,10.00,,5
10,10	63,T,,BKN:07 100 BKN:07 110,10.00,,
10,11	64,T,,OVC:08 75,10.00,22,9
10,12	65,0.00,,OVC:08 65,10.00,,3
10,13	65,0.00,,OVC:08 60,10.00,,6
10,14	65,T,,OVC:08 60,10.00,,5
10,15	65,T,,BKN:07 46,10.00,,6
10,16	64,0.00,,OVC:08 50,10.00,,7
10,17	64,0.00,,FEW:02 44 OVC:08 60,10.00,,3
10,18	65,0.00,,OVC:08 70,10.00,,3
10,19	64,0.00,,FEW:02 110,10.00,,8
10,20	64,0.00,,SCT:04 75 BKN:07 95,10.00,,
10,21	63,T,,SCT:04 36 BKN:07 43 OVC:08 60,10.00,22,9
10,22	60,0.00,,SCT:04 60,10.00,21,9
10,23	56,0.00,,BKN:07 33 OVC:08 42,10.00,,3
10,24	,,,,,,
11,00	53,0.00,,CLR:00,10.00,25,11
11,01	51,0.00,,CLR:00,10.00,,9
11,02	49,0.00,,CLR:00,10.00,20,7
11,03	48,0.00,,,10.00,,9
11,04	46,0.00,,CLR:00,10.00,17,7
11,05	45,0.00,,CLR:00,10.00,17,8
11,06	43,0.00,,CLR:00,10.00,,7
11,07	44,0.00,,CLR:00,10.00,,3
11,08	48,0.00,,CLR:00,10.00,,3
11,09	50,0.00,,CLR:00,10.00,,3
11,10	52,0.00,,CLR:00,10.00,,3
11,11	54,0.00,,CLR:00,10.00,,9
11,12	54,0.00,,CLR:00,10.00,,3
11,13	55,0.00,,CLR:00,10.00,,6
11,14	55,0.00,,CLR:00,10.00,,5
11,15	55,0.00,,FEW:02 110,10.00,,6
11,16	54,0.00,,BKN:07 110,10.00,,0
11,17	53,0.00,,OVC:08 100,10.00,,0
11,18	52,0.00,,BKN:07 85,10.00,,3
11,19	52,0.00,,FEW:02 60 SCT:04 75 OVC:08 90,10.00,,6
11,20	50,0.00,,CLR:00,10.00,,0
11,21	48,0.00,,CLR:00,10.00,,0
11,22	48,0.00,,FEW:02 55,10.00,,0
11,23	47,0.00,,CLR:00,10.00,,0
11,24	,,,,,,
12,00	46,0.00,,CLR:00,10.00,,0
12,01	46,0.00,,CLR:00,10.00,,0
12,02	45,0.00,,CLR:00,10.00,,3
12,03	45,0.00,,CLR:00,10.00,,0
12,04	45,0.00,,OVC:08 60,10.00,,3
12,05	44,0.00,,BKN:07 60 OVC:08 100,10.00,,6
12,06	44,0.00,,BKN:07 100 OVC:08 120,10.00,,6
12,07	46,0.00,,OVC:08 80,10.00,,6
12,08	44,0.00,,OVC:08 55,10.00,,7
12,09	45,0.00,,OVC:08 50,10.00,,6
12,10	46,,,BKN:07 19 OVC:08 50,10.00,,6,46,,,SCT:04 19 OVC:08 50,10.00,,6,46,0.00,,FEW:02 19 OVC:08 50,10.00,,6
12,11	48,0.00,,OVC:08 50,10.00,,7
12,12	49,0.00,,OVC:08 49,10.00,,3
12,13	49,0.00,,OVC:08 47,10.00,,8
12,14	48,,,BKN:07 22 OVC:08 44,10.00,,6,49,0.00,,BKN:07 22 OVC:08 44,10.00,,8
12,15	48,0.00,,OVC:08 18,10.00,,8
12,16	48,0.00,,OVC:08 17,10.00,,8
12,17	48,0.00,,OVC:08 15,10.00,,7,47,,,OVC:08 14,10.00,,10
12,18	47,0.01,,OVC:08 13,10.00,,0
12,19	46,0.02,-RA:02 |RA |RA,OVC:08 11,8.00,,5
12,20	47,T,-RA:02 |RA |RA,OVC:08 9,9.00,,7,46,T,,OVC:08 9,9.00,,7
12,21	46,T,,OVC:08 9,10.00,,7
12,22	45,T,,OVC:08 8,8.00,,7
12,23	46,,-RA:02 BR:1 |RA |RA,OVC:08 7,2.50,,6,45,T,-RA:02 BR:1 |RA |RA,OVC:08 7,2.50,,7,45,,-RA:02 BR:1 |RA |RA,OVC:08 6,4.00,,5
12,24	,,,,,,
13,00	45,T,-RA:02 BR:1 |RA |RA,OVC:08 5,6.00,,
13,01	45,0.00,,OVC:08 5,7.00,,7
13,02	45,,BR:1 ||,OVC:08 4,4.00,,8,45,0.00,BR:1 ||,OVC:08 4,4.00,,5
13,03	45,,BR:1 ||,OVC:08 3,2.50,,3,46,0.00,BR:1 ||,OVC:08 3,2.00,,3
13,04	46,,BR:1 ||,OVC:08 3,1.75,,3,46,0.00,BR:1 ||,OVC:08 2,1.50,,3
13,05	50,0.08,RA:02 BR:1 |RA |RA,OVC:08 2,1.75,17,7
13,06	50,0.09,RA:02 BR:1 |RA |RA,OVC:08 4,3.00,,6,50,0.11,-RA:02 BR:1 |RA |RA,OVC:08 6,4.00,,10,51,0.07,-RA:02 |RA |RA,OVC:08 5,9.00,20,7
13,07	52,,-RA:02 BR:1 |RA |RA,OVC:08 4,5.00,17,10,52,,RA:02 BR:1 |RA |RA,OVC:08 4,1.75,18,10,52,0.06,-RA:02 BR:1 |RA |RA,OVC:08 4,1.75,20,9,52,,-RA:02 BR:1 |RA |RA,BKN:07 5 BKN:07 30 OVC:08 70,2.50,20,8
13,08	52,,-RA:02 BR:1 |RA |RA,BKN:07 5 BKN:07 28 OVC:08 65,3.00,18,9,52,,-RA:02 BR:1 |RA |RA,SCT:04 6 BKN:07 26 OVC:08 65,2.00,,7,52,,-RA:02 BR:1 |RA |RA,BKN:07 6 OVC:08 28,3.00,17,7,52,,-RA:02 BR:1 |RA |RA,OVC:08 5,2.50,,,52,0.04,-RA:02 BR:1 |RA |RA,OVC:08 5,2.50,,8
13,09	53,0.01,-RA:02 BR:1 |RA |RA,OVC:08 5,4.00,,9,54,0.01,BR:1 ||,OVC:08 7,5.00,,3
13,10	58,0.00,,OVC:08 8,8.00,,14
13,11	58,,,BKN:07 10 OVC:08 16,8.00,17,10,60,0.00,,BKN:07 13 BKN:07 21 OVC:08 27,9.00,,8
13,12	60,,,BKN:07 15 OVC:08 22,9.00,,6,63,0.00,,SCT:04 19 BKN:07 29,10.00,,
13,13	64,,,FEW:02 21 SCT:04 26 BKN:07 33,10.00,20,13,67,0.00,,CLR:00,10.00,22,13
13,14	68,0.00,,BKN:07 65,10.00,18,6
13,15	69,0.00,,FEW:02 65,10.00,30,11
13,16	68,0.00,,CLR:00,10.00,29,20
13,17	65,0.00,,CLR:00,10.00,26,11
13,18	63,0.00,,CLR:00,10.00,23,13
13,19	61,0.00,,CLR:00,10.00,18,10
13,20	59,0.00,,CLR:00,10.00,17,8
13,21	56,0.00,,CLR:00,10.00,18,13
13,22	50,0.00,,CLR:00,10.00,,6
13,23	49,0.00,,CLR:00,10.00,,
13,24	,,,,,,
14,00	47,0.00,,CLR:00,10.00,26,10
14,01	46,0.00,,CLR:00,10.00,23,7
14,02	46,0.00,,CLR:00,10.00,17,6
14,03	45,0.00,,CLR:00,10.00,21,7
14,04	44,0.00,,CLR:00,10.00,16,8
14,05	44,0.00,,CLR:00,10.00,,7
14,06	43,0.00,,CLR:00,10.00,20,10
14,07	44,0.00,,CLR:00,10.00,17,6
14,08	45,0.00,,CLR:00,10.00,,6
14,09	46,0.00,,CLR:00,10.00,18,8
14,10	49,0.00,,CLR:00,10.00,17,7
14,11	52,0.00,,CLR:00,10.00,,6
14,12	53,0.00,,CLR:00,10.00,,8
14,13	53,0.00,,CLR:00,10.00,,9
14,14	55,0.00,,CLR:00,10.00,,7
14,15	55,0.00,,CLR:00,10.00,16,11
14,16	53,0.00,,CLR:00,10.00,,3
14,17	51,0.00,,CLR:00,10.00,,8
14,18	50,0.00,,OVC:08 120,10.00,,3
14,19	50,0.00,,OVC:08 110,10.00,16,10
14,20	48,0.00,,OVC:08 95,10.00,,5
14,21	47,0.00,,OVC:08 95,10.00,,8
14,22	46,0.00,,OVC:08 90,10.00,,7
14,23	45,0.00,,OVC:08 80,10.00,,7
14,24	,,,,,,
15,00	45,0.00,,SCT:04 80 OVC:08 100,10.00,,3
15,01	44,0.00,,FEW:02 60 OVC:08 75,10.00,,6
15,02	44,0.00,,OVC:08 85,10.00,,5
15,03	43,0.00,,FEW:02 75 OVC:08 90,10.00,,3
15,04	43,0.00,,OVC:08 90,10.00,,5
15,05	43,0.00,,OVC:08 100,10.00,,3
15,06	42,0.00,,,10.00,,8
15,07	42,0.00,,OVC:08 90,10.00,17,11
15,08	42,0.00,,OVC:08 95,10.00,,11
15,09	46,0.00,,FEW:02 100,10.00,,8
15,10	48,0.00,,SCT:04 100,10.00,,
15,11	51,0.00,,CLR:00,10.00,,8
15,12	52,0.00,,CLR:00,10.00,,11
15,13	52,0.00,,CLR:00,10.00,,0
15,14	53,,HZ:7 |FU |HZ,CLR:00,1.25,,5,52,,,CLR:00,10.00,,0,54,0.00,,CLR:00,10.00,,6
15,15	52,0.00,,CLR:00,10.00,,7
15,16	52,0.00,,CLR:00,10.00,,5
15,17	50,0.00,,CLR:00,10.00,,0
15,18	48,0.00,,CLR:00,10.00,,5
15,19	48,0.00,,CLR:00,10.00,,6
15,20	46,0.00,,CLR:00,10.00,20,10
15,21	44,0.00,,CLR:00,10.00,,8
15,22	42,0.00,,,10.00,,7
15,23	41,0.00,,CLR:00,10.00,,8
15,24	,,,,,,
16,00	40,0.00,,CLR:00,10.00,16,6
16,01	38,0.00,,CLR:00,10.00,,7
16,02	37,0.00,,CLR:00,10.00,18,9
16,03	36,0.00,,CLR:00,10.00,,9
16,04	35,0.00,,CLR:00,10.00,,11
16,05	33,0.00,,CLR:00,10.00,17,10
16,06	33,0.00,,CLR:00,10.00,,10
16,07	34,0.00,,CLR:00,10.00,21,13
16,08	36,0.00,,CLR:00,10.00,21,15
16,09	37,0.00,,CLR:00,10.00,,10
16,10	39,0.00,,CLR:00,10.00,,11
16,11	43,0.00,,CLR:00,10.00,,7
16,12	45,0.00,,CLR:00,10.00,,7
16,13	45,0.00,,FEW:02 35,10.00,,8
16,14	43,0.00,,BKN:07 37,10.00,,7
16,15	42,0.00,,OVC:08 31,10.00,,8
16,16	42,0.00,,BKN:07 35 OVC:08 42,10.00,,
16,17	41,0.00,,BKN:07 32 OVC:08 41,10.00,16,3
16,18	41,0.00,,FEW:02 30 OVC:08 42,10.00,,9
16,19	41,,,BKN:07 29 OVC:08 39,10.00,,0,41,0.00,,SCT:04 28 OVC:08 70,10.00,22,14
16,20	41,,,BKN:07 27 BKN:07 33 OVC:08 70,10.00,,5,41,0.00,,BKN:07 25 OVC:08 32,10.00,,11
16,21	41,0.00,,BKN:07 22 OVC:08 70,10.00,,6,41,,,SCT:04 23 OVC:08 70,10.00,,5,41,,,BKN:07 22 OVC:08 70,10.00,,9
16,22	41,0.00,,SCT:04 21 OVC:08 70,10.00,,7
16,23	41,,,BKN:07 21 OVC:08 70,10.00,,5,41,0.00,,OVC:08 20,10.00,,5
16,24	,,,,,,
17,00	41,0.00,,BKN:07 18 OVC:08 23,10.00,,7
17,01	42,0.00,,OVC:08 15,10.00,,
17,02	42,,,BKN:07 16 OVC:08 25,10.00,,6,42,,,OVC:08 14,10.00,,0,42,T,-RA:02 |RA |RA,BKN:07 16 OVC:08 24,8.00,,3
17,03	42,0.02,RA:02 BR:1 |RA |RA,BKN:07 14 OVC:08 22,5.00,,0,42,0.04,-RA:02 |RA |RA,BKN:07 14 OVC:08 22,10.00,,6
17,04	42,0.01,-RA:02 |RA |RA,BKN:07 11 OVC:08 18,10.00,,0
17,05	42,0.02,-RA:02 |RA |RA,OVC:08 11,9.00,,3
17,06	42,0.03,-RA:02 BR:1 |RA |RA,BKN:07 11 OVC:08 55,6.00,,9
17,07	43,0.01,-RA:02 |RA |RA,OVC:08 9,10.00,,3,42,0.01,-RA:02 BR:1 |RA |RA,BKN:07 9 OVC:08 13,5.00,,0
17,08	44,0.03,-RA:02 |RA |RA,OVC:08 9,7.00,,0
17,09	44,T,-RA:02 BR:1 |RA |RA,OVC:08 10,5.00,,0,45,0.02,-RA:02 BR:1 |RA |RA,OVC:08 11,5.00,,0
17,10	46,0.01,-RA:02 BR:1 |RA |RA,BKN:07 9 OVC:08 15,4.00,,0,46,,,SCT:04 9 BKN:07 13 OVC:08 65,7.00,,0,47,T,,SCT:04 9 BKN:07 13 OVC:08 65,7.00,,0
17,11	50,0.00,,FEW:02 18 SCT:04 24 OVC:08 50,10.00,,6,49,,,FEW:02 10 SCT:04 14 OVC:08 37,8.00,,3
17,12	49,,,BKN:07 22 BKN:07 50 OVC:08 70,10.00,,6,50,0.00,,BKN:07 22 OVC:08 44,10.00,,7
17,13	52,,,FEW:02 23 SCT:04 29 OVC:08 49,10.00,,0,52,0.00,,FEW:02 23 SCT:04 29 OVC:08 49,10.00,,5
17,14	53,0.00,,FEW:02 28 BKN:07 75,10.00,,5
17,15	54,,,BKN:07 29,10.00,,8,53,0.00,,OVC:08 28,10.00,,5
17,16	53,,,BKN:07 30 OVC:08 36,10.00,,7,54,0.00,,BKN:07 37,10.00,,7
17,17	53,0.00,,OVC:08 48,10.00,,9
17,18	52,0.00,,FEW:02 50,10.00,,3
17,19	52,0.00,,CLR:00,10.00,,0
17,20	51,0.00,,OVC:08 47,10.00,,0
17,21	51,0.00,,OVC:08 45,10.00,,8
17,22	49,0.00,,OVC:08 45,10.00,,3
17,23	48,0.00,,OVC:08 46,10.00,,9
17,24	,,,,,,
18,00	47,0.00,,CLR:00,10.00,17,6
18,01	45,0.00,,CLR:00,10.00,,9
18,02	44,0.00,,CLR:00,10.00,,5
18,03	43,0.00,,CLR:00,10.00,,3
18,04	43,0.00,,CLR:00,10.00,,3
18,05	42,0.00,,CLR:00,10.00,,0
18,06	43,0.00,,CLR:00,10.00,,0
18,07	44,0.00,,CLR:00,10.00,,0
18,08	47,0.00,,CLR:00,10.00,,5
18,09	49,0.00,,CLR:00,10.00,,3
18,10	50,0.00,,CLR:00,10.00,,0
18,11	53,0.00,,CLR:00,10.00,,0
18,12	52,0.00,,CLR:00,10.00,,3
18,13	52,0.00,,CLR:00,10.00,,7
18,14	52,0.00,,CLR:00,10.00,,7
18,15	50,0.00,,CLR:00,10.00,18,11
18,16	48,0.00,,CLR:00,10.00,,6
18,17	48,0.00,,CLR:00,10.00,,3
18,18	47,0.00,,CLR:00,10.00,,
18,19	47,0.00,,CLR:00,10.00,,6
18,20	46,0.00,,FEW:02 55,10.00,,8
18,21	46,0.00,,OVC:08 60,10.00,,3
18,22	46,T,,OVC:08 50,10.00,,6
18,23	45,T,,OVC:08 43,10.00,,6
18,24	,,,,,,
19,00	41,0.03s,RA:02 |RA |RA,FEW:02 18 OVC:08 37,4.00,,7
19,01	41,0.03,RA:02 BR:1 |RA |RA,BKN:07 16 OVC:08 35,4.00,,0,41,0.08,RA:02 BR:1 |RA |RA,OVC:08 13,3.00,,6,41,0.14,RA:02 BR:1 |RA |RA,OVC:08 11,3.00,,5
19,02	41,0.04,+RA:02 BR:1 |RA |RA,OVC:08 9,3.00,,8,41,0.07,RA:02 BR:1 |RA |RA,OVC:08 9,2.50,,7,41,0.09,RA:02 BR:1 |RA |RA,OVC:08 9,3.00,,8,42,0.16,RA:02 BR:1 |RA |RA,OVC:08 6,3.00,,5
19,03	42,0.06,RA:02 BR:1 |RA |RA,OVC:08 6,3.00,,6,42,0.09,+RA:02 BR:1 |RA |RA,OVC:08 5,2.50,,9,42,0.04,RA:02 BR:1 |RA |RA,OVC:08 6,2.50,,6,42,0.11,RA:02 BR:1 |RA |RA,OVC:08 5,4.00,,7,43,0.16,+RA:02 BR:1 |RA |RA,OVC:08 5,2.50,,8,42,0.17,RA:02 BR:1 |RA |RA,OVC:08 5,2.50,,9
19,04	42,0.13,+RA:02 BR:1 |RA |RA,OVC:08 5,1.75,,8,43,,+RA:02 BR:1 |RA |RA,OVC:08 5,2.00,,9,42,0.28,RA:02 BR:1 |RA |RA,OVC:08 5,2.50,,9
19,05	42,0.10,-RA:02 BR:1 |RA |RA,OVC:08 5,2.50,,7,43,T,-RA:02 BR:1 |RA |RA,OVC:08 5,4.00,,7
19,06	43,0.02,-RA:02 BR:1 |RA |RA,OVC:08 5,2.50,,8
19,07	43,0.01,BR:1 ||,OVC:08 6,4.00,21,9,43,T,-RA:02 BR:1 |RA |RA,OVC:08 5,3.00,16,11,43,0.01,-RA:02 BR:1 |RA |RA,OVC:08 5,2.00,17,11,43,0.02,-RA:02 BR:1 |RA |RA,OVC:08 6,2.00,17,7,43,0.02,-RA:02 BR:1 |RA |RA,OVC:08 6,1.75,,8
19,08	44,0.01,-RA:02 BR:1 |RA |RA,OVC:08 6,2.50,,6,44,0.01,-RA:02 BR:1 |RA |RA,OVC:08 6,3.00,20,11,44,0.01,,OVC:08 7,8.00,,7
19,09	45,0.00,,OVC:08 8,10.00,,10
19,10	46,,,OVC:08 10,10.00,16,10,47,0.00,,OVC:08 10,10.00,16,9
19,11	49,0.00,,OVC:08 11,10.00,,6
19,12	49,0.00,,OVC:08 12,10.00,,0
19,13	50,0.00,,OVC:08 13,10.00,,0
19,14	51,0.00,,OVC:08 15,10.00,,0
19,15	51,0.00,,OVC:08 16,10.00,,0
19,16	51,0.00,,BKN:07 20 OVC:08 31,10.00,,0
19,17	51,0.00,,OVC:08 19,10.00,,0
19,18	51,0.00,,OVC:08 19,10.00,,0
19,19	50,0.00,,OVC:08 18,10.00,,5
19,20	50,0.00,,OVC:08 18,10.00,,0
19,21	50,0.00,,OVC:08 17,10.00,,5
19,22	49,0.00,,OVC:08 18,10.00,,6
19,23	48,0.00,,SCT:04 16 OVC:08 50,10.00,,9
19,24	,,,,,,
20,00	47,,,BKN:07 14 BKN:07 20 OVC:08 48,10.00,,6,47,0.00,,BKN:07 13 BKN:07 21 OVC:08 35,10.00,,9
20,01	47,0.00,,BKN:07 10 OVC:08 21,10.00,,5
20,02	47,,,OVC:08 9,10.00,,7,47,0.00,,OVC:08 9,10.00,,0
20,03	47,0.00,,OVC:08 8,10.00,,0
20,04	48,0.00,BR:1 ||,OVC:08 7,6.00,,3
20,05	47,,BR:1 ||,OVC:08 4,4.00,,6,48,0.00,BR:1 ||,OVC:08 3,3.00,,0
20,06	48,,BR:1 ||,OVC:08 4,2.50,,0,48,,BR:1 ||,OVC:08 5,3.00,,0,48,0.00,BR:1 ||,OVC:08 5,3.00,,5
20,07	50,0.00,BR:1 ||,OVC:08 8,4.00,,0,48,,BR:1 ||,OVC:08 4,3.00,,0,49,,BR:1 ||,OVC:08 6,3.00,,0
20,08	52,0.00,HZ:7 |FU |HZ,OVC:08 8,6.00,,3
20,09	53,0.00,HZ:7 |FU |HZ,OVC:08 9,6.00,,3
20,10	54,T,BR:1 ||,OVC:08 6,4.00,,3
20,11	59,0.00,HZ:7 |FU |HZ,BKN:07 9 BKN:07 110,5.00,16,8
20,12	62,T,,FEW:02 95,7.00,,3,59,,HZ:7 |FU |HZ,FEW:02 9 BKN:07 100,5.00,,8
20,13	66,0.00,,BKN:07 110,7.00,,3
20,14	71,0.00,,CLR:00,9.00,,6
20,15	73,0.00,,CLR:00,10.00,,0
20,16	77,0.00,,BKN:07 50,10.00,,8
20,17	75,0.00,,SCT:04 70,10.00,18,6
20,18	74,0.00,,FEW:02 55 SCT:04 95,10.00,28,17
20,19	72,T,-RA:02 |RA |RA,BKN:07 70 OVC:08 80,10.00,28,11
20,20	70,T,,FEW:02 75 BKN:07 100,10.00,,7
20,21	70,0.00,,OVC:08 90,10.00,16,13
20,22	69,T,-RA:02 |RA |RA,OVC:08 95,10.00,24,16
20,23	67,0.00,,SCT:04 90 SCT:04 110,10.00,17,10
20,24	48,,BR:1 ||,OVC:08 5,2.50,,0,,,,,,,
21,00	59,0.00,,FEW:02 90,10.00,21,10
21,01	55,0.00,,CLR:00,10.00,,
21,02	51,0.00,,FEW:02 75,10.00,,10
21,03	48,0.00,,SCT:04 100,10.00,22,7
21,04	47,0.00,,BKN:07 80,10.00,,
21,05	45,0.00,,CLR:00,10.00,,8
21,06	43,0.00,,BKN:07 90,10.00,16,7
21,07	43,0.00,,CLR:00,10.00,,0
21,08	42,0.00,,CLR:00,10.00,,0
21,09	44,0.00,,CLR:00,10.00,,
21,10	47,0.00,,CLR:00,10.00,18,10
21,11	48,0.00,,CLR:00,10.00,,13
21,12	50,0.00,,CLR:00,10.00,22,9
21,13	51,0.00,,CLR:00,10.00,23,9
21,14	51,0.00,,CLR:00,10.00,18,7
21,15	50,0.00,,CLR:00,10.00,,6
21,16	49,0.00,,CLR:00,10.00,,9
21,17	48,0.00,,CLR:00,10.00,,6
21,18	47,0.00,,OVC:08 75,10.00,,9
21,19	47,0.00,,OVC:08 75,10.00,,9
21,20	45,0.00,,BKN:07 80,10.00,,6
21,21	43,0.00,,SCT:04 80,10.00,17,7
21,22	42,0.00,,CLR:00,10.00,21,14
21,23	40,0.00,,CLR:00,10.00,17,7
21,24	,,,,,,
22,00	39,0.00,,CLR:00,10.00,,9
22,01	38,0.00,,FEW:02 75,10.00,22,13
22,02	36,0.00,,CLR:00,10.00,17,10
22,03	35,0.00,,BKN:07 36,10.00,17,13
22,04	35,0.00,,BKN:07 42 OVC:08 80,10.00,17,11
22,05	34,0.00,,SCT:04 44,10.00,22,11
22,06	33,0.00,,BKN:07 39,10.00,24,15
22,07	34,0.00,,BKN:07 40,10.00,21,9
22,08	36,0.00,,OVC:08 43,10.00,22,16
22,09	38,0.00,,OVC:08 45,10.00,,14
22,10	39,0.00,,BKN:07 49,10.00,17,8
22,11	38,0.00,,OVC:08 50,10.00,,6
22,12	42,0.00,,FEW:02 55,10.00,,9
22,13	43,0.00,,CLR:00,10.00,,10
22,14	45,0.00,,CLR:00,10.00,,6
22,15	43,0.00,,SCT:04 43 SCT:04 50,10.00,,
22,16	40,0.00,,OVC:08 42,10.00,18,8
22,17	39,0.00,,BKN:07 39,10.00,,7
22,18	38,0.00,,CLR:00,10.00,20,7
22,19	38,0.00,,CLR:00,10.00,20,8
22,20	38,0.00,,CLR:00,10.00,,
22,21	37,0.00,,CLR:00,10.00,16,11
22,22	37,0.00,,SCT:04 30,10.00,,
22,23	37,0.00,,CLR:00,10.00,20,9
22,24	,,,,,,
23,00	37,0.00,,FEW:02 31 FEW:02 120,10.00,17,10
23,01	37,0.00,,FEW:02 33 SCT:04 120,10.00,20,11
23,02	37,,,OVC:08 28,10.00,,5,37,0.00,,OVC:08 27,10.00,21,9
23,03	38,0.00,,OVC:08 25,10.00,18,13
23,04	37,T,,BKN:07 25 BKN:07 46 OVC:08 60,9.00,20,10
23,05	37,T,-RA:02 |RA |RA,OVC:08 23,9.00,,8
23,06	36,0.01,-SN:03 |SN |,OVC:08 18,4.00,,9
23,07	36,T,-RA:02 |RA |RA,OVC:08 14,7.00,17,9,36,T,-RA:02 |RA |RA,OVC:08 14,8.00,17,8
23,08	37,T,-RA:02 BR:1 |RA |RA,OVC:08 15,6.00,18,8,37,T,,OVC:08 14,7.00,,,37,T,-RA:02 |RA |RA,OVC:08 15,6.00,18,8
23,09	37,0.05,-RA:02 BR:1 |RA |RA,OVC:08 12,2.50,,8,37,0.01,-RA:02 BR:1 |RA |RA,OVC:08 13,5.00,17,10,37,0.03,RA:02 BR:1 |RA |RA,OVC:08 12,2.00,21,7
23,10	37,0.03,-RA:02 BR:1 |RA |RA,BKN:07 7 OVC:08 11,3.00,,8,37,0.06,-RA:02 BR:1 |RA |RA,OVC:08 6,2.50,,8,37,0.02,-RA:02 BR:1 |RA |RA,OVC:08 7,2.00,,7
23,11	37,0.07,RA:02 BR:1 |RA |RA,OVC:08 6,2.00,18,10,37,0.06,RA:02 BR:1 |RA |RA,OVC:08 6,2.00,18,9,37,0.02,-RA:02 BR:1 |RA |RA,OVC:08 6,4.00,17,7
23,12	38,0.07,-RA:02 BR:1 |RA |RA,OVC:08 6,2.00,18,8,37,0.01,-RA:02 BR:1 |RA |RA,OVC:08 6,5.00,16,9,37,0.03,RA:02 BR:1 |RA |RA,OVC:08 6,2.00,22,15
23,13	39,0.10,RA:02 BR:1 |RA |RA,OVC:08 5,1.25,,11,39,0.03,RA:02 BR:1 |RA |RA,OVC:08 6,1.75,17,6
23,14	39,0.04,-RA:02 BR:1 |RA |RA,OVC:08 6,1.50,,9,40,0.13,RA:02 BR:1 |RA |RA,OVC:08 6,1.00,,10,39,0.03,-RA:02 BR:1 |RA |RA,OVC:08 5,2.00,,11
23,15	40,0.15,-RA:02 BR:1 |RA |RA,OVC:08 7,3.00,,8,40,0.03,RA:02 BR:1 |RA |RA,SCT:04 7 OVC:08 10,1.00,22,9,40,0.08,+RA:02 BR:1 |RA |RA,OVC:08 8,1.00,,6,39,,RA:02 BR:1 |RA |RA,OVC:08 7,1.75,,9,40,0.18,+RA:02 BR:1 |RA |RA,OVC:08 7,1.50,16,10
23,16	40,0.04,-RA:02 BR:1 |RA |RA,BKN:07 7 OVC:08 12,3.00,18,10,40,0.07,+RA:02 BR:1 |RA |RA,OVC:08 6,1.75,21,9,40,0.15,RA:02 BR:1 |RA |RA,OVC:08 6,1.25,,7
23,17	41,0.02,RA:02 BR:1 |RA |RA,OVC:08 6,2.00,,7,41,0.06,+RA:02 BR:1 |RA |RA,OVC:08 6,1.00,,8,41,0.11,-RA:02 BR:1 |RA |RA,OVC:08 6,3.00,20,8,41,0.18,|RA |,,2.00,17,11,41,,+RA:02 BR:1 |RA |RA,OVC:08 7,1.75,17,7,41,0.28,+RA:02 BR:1 |RA |RA,OVC:08 7,1.75,17,8
23,18	39,0.10,RA:02 BR:1 |RA |RA,OVC:08 7,3.00,,8,38,0.07,-RA:02 |RA |RA,OVC:08 7,8.00,23,15
23,19	37,T,,,10.00,21,8,38,T,,BKN:07 10 BKN:07 24,10.00,18,8,37,T,,SCT:04 10 BKN:07 19,10.00,20,10
23,20	37,0.00,,SCT:04 11 OVC:08 20,10.00,16,7
23,21	38,0.00,,OVC:08 20,10.00,,5
23,22	38,0.00,,BKN:07 23 OVC:08 30,10.00,,8
23,23	37,0.00,,FEW:02 24 OVC:08 33,10.00,16,7,37,,,SCT:04 13 SCT:04 22 OVC:08 32,10.00,,8
23,24	36,T,,OVC:08 15,9.00,17,10,36,T,-RA:02 BR:1 |RA |RA,BKN:07 9 OVC:08 13,3.00,,8,,,,,,,
24,00	37,,,BKN:07 26 OVC:08 33,10.00,,10,37,,,SCT:04 26 OVC:08 33,10.00,,8,37,0.00,,FEW:02 20 SCT:04 26 OVC:08 35,10.00,,9
24,01	37,,,BKN:07 13 BKN:07 70,10.00,18,11,36,,,SCT:04 13,10.00,20,11,36,0.00,,FEW:02 13,10.00,,11
24,02	36,,,BKN:07 26,10.00,,8,36,,,SCT:04 26,10.00,,8,36,0.00,,FEW:02 15,10.00,,5
24,03	37,,,BKN:07 16,10.00,,3,37,0.00,,OVC:08 17,10.00,,7
24,04	37,0.00,,OVC:08 25,10.00,,3
24,05	37,0.00,,BKN:07 26,10.00,,5
24,06	37,,,SCT:04 27,10.00,,7,38,0.00,,CLR:00,10.00,,6
24,07	40,0.00,,CLR:00,10.00,,7
24,08	44,0.00,,CLR:00,10.00,,8
24,09	46,0.00,,CLR:00,10.00,,8
24,10	48,0.00,,CLR:00,10.00,16,9
24,11	50,0.00,,CLR:00,10.00,,0
24,12	53,0.00,,CLR:00,10.00,,8
24,13	52,0.00,,CLR:00,10.00,16,7
24,14	54,0.00,,CLR:00,10.00,,3
24,15	54,0.00,,CLR:00,10.00,,7
24,16	53,0.00,,CLR:00,10.00,,7
24,17	51,0.00,,CLR:00,10.00,,7
24,18	50,0.00,,CLR:00,10.00,,7
24,19	49,0.00,,CLR:00,10.00,,7
24,20	47,0.00,,CLR:00,10.00,,6
24,21	44,0.00,,CLR:00,10.00,,10
24,22	43,0.00,,CLR:00,10.00,17,6
24,23	42,0.00,,CLR:00,10.00,,7
24,24	,,,,,,
25,00	41,0.00,,CLR:00,10.00,,9
25,01	41,0.00,,CLR:00,10.00,21,13
25,02	40,0.00,,CLR:00,10.00,21,10
25,03	41,0.00,,CLR:00,10.00,18,11
25,04	41,,,BKN:07 19 OVC:08 120,10.00,24,8,41,0.00,,OVC:08 19,10.00,20,10
25,05	41,0.00,,OVC:08 19,10.00,,9
25,06	41,0.00,,OVC:08 18,10.00,,10
25,07	41,0.00,,,10.00,16,10
25,08	42,0.00,,OVC:08 16,10.00,18,10
25,09	43,0.00,,BKN:07 16 OVC:08 21,10.00,20,8
25,10	43,0.00,,OVC:08 23,10.00,16,8
25,11	44,0.00,,BKN:07 26 OVC:08 31,10.00,21,13
25,12	43,T,-RA:02 |RA |RA,SCT:04 14 BKN:07 23 OVC:08 36,10.00,22,9
25,13	44,T,-RA:02 |RA |RA,SCT:04 14 BKN:07 29 OVC:08 34,9.00,24,9
25,14	45,0.01,-RA:02 |RA |RA,BKN:07 14 BKN:07 28 OVC:08 35,10.00,21,10,45,0.01,-RA:02 |RA |RA,BKN:07 15 BKN:07 26 OVC:08 35,10.00,18,11,44,0.01,,FEW:02 18 OVC:08 29,10.00,23,14
25,15	44,,,FEW:02 20 OVC:08 32,10.00,28,8,45,,,SCT:04 20 BKN:07 29 OVC:08 46,10.00,25,15,45,0.00,,SCT:04 20 BKN:07 29 OVC:08 48,10.00,26,14
25,16	44,,,SCT:04 22 BKN:07 49 OVC:08 90,10.00,28,16,43,0.00,,BKN:07 24 OVC:08 80,10.00,25,11
25,17	43,0.00,,BKN:07 21 BKN:07 28 OVC:08 34,10.00,20,10
25,18	42,0.00,,SCT:04 17 OVC:08 28,10.00,,8
25,19	43,,,FEW:02 16 BKN:07 30 OVC:08 40,10.00,,8,43,0.00,,FEW:02 18 BKN:07 27 OVC:08 40,10.00,,7
25,20	43,0.00,,OVC:08 22,10.00,17,9
25,21	42,,,FEW:02 21,10.00,21,11,42,0.00,,FEW:02 95,10.00,,8
25,22	41,0.00,,CLR:00,10.00,,9
25,23	41,0.00,,CLR:00,10.00,,3
25,24	,,,,,,
26,00	40,0.00,,CLR:00,10.00,,0
26,01	39,0.00,,CLR:00,10.00,,7
26,02	39,0.00,,CLR:00,10.00,,0
26,03	38,0.00,,CLR:00,10.00,,3
26,04	39,0.00,,CLR:00,10.00,,6
26,05	38,0.00,,CLR:00,10.00,,6
26,06	39,0.00,,CLR:00,10.00,,7
26,07	42,0.00,,CLR:00,10.00,,3
26,08	45,0.00,,CLR:00,10.00,,3
26,09	47,0.00,,CLR:00,10.00,,3
26,10	48,0.00,,CLR:00,10.00,,6
26,11	52,0.00,,CLR:00,10.00,,5
26,12	55,0.00,,CLR:00,10.00,,6
26,13	57,0.00,,CLR:00,10.00,,6
26,14	58,0.00,,CLR:00,10.00,,3
26,15	58,0.00,,CLR:00,10.00,,9
26,16	53,0.00,,CLR:00,10.00,,
26,17	50,0.00,,CLR:00,10.00,,3
26,18	48,0.00,,CLR:00,10.00,,0
26,19	48,0.00,,CLR:00,10.00,,0
26,20	49,0.00,,CLR:00,10.00,,0
26,21	53,0.00,,CLR:00,10.00,,8
26,22	52,0.00,,CLR:00,10.00,,5
26,23	51,0.00,,CLR:00,10.00,18,11
26,24	,,,,,,
27,00	51,0.00,,FEW:02 120,10.00,,
27,01	51,T,,FEW:02 60 BKN:07 95 OVC:08 110,10.00,,8
27,02	51,T,-RA:02 |RA |RA,FEW:02 55 BKN:07 75 OVC:08 90,10.00,,7
27,03	50,T,,BKN:07 80 OVC:08 110,10.00,,7
27,04	50,0.00,,OVC:08 80,10.00,,5
27,05	50,0.00,,OVC:08 75,10.00,,6
27,06	51,0.00,,OVC:08 70,10.00,,0
27,07	53,0.00,,OVC:08 80,10.00,,0
27,08	56,0.00,,CLR:00,10.00,,0
27,09	60,0.00,,CLR:00,10.00,,7
27,10	63,0.00,,BKN:07 95,10.00,,7
27,11	65,0.00,,CLR:00,10.00,,9
27,12	67,0.00,,CLR:00,10.00,,
27,13	67,0.00,,CLR:00,10.00,,7
27,14	68,0.00,,CLR:00,10.00,,3
27,15	67,0.00,,CLR:00,10.00,,6
27,16	66,0.00,,CLR:00,10.00,,7
27,17	65,0.00,,CLR:00,10.00,,3
27,18	63,0.00,,CLR:00,10.00,,3
27,19	61,0.00,,CLR:00,10.00,,0
27,20	59,0.00,,CLR:00,10.00,,3
27,21	56,0.00,,CLR:00,10.00,,9
27,22	55,0.00,,CLR:00,10.00,,7
27,23	55,0.00,,CLR:00,10.00,,3
27,24	,,,,,,
28,00	53,0.00,,CLR:00,10.00,,7
28,01	51,0.00,,CLR:00,10.00,,8
28,02	50,0.00,,CLR:00,10.00,,6
28,03	50,0.00,,CLR:00,10.00,,7
28,04	50,0.00,,FEW:02 120,10.00,,6
28,05	49,0.00,,CLR:00,10.00,,11
28,06	49,0.00,,CLR:00,10.00,,6
28,07	50,0.00,,BKN:07 48 OVC:08 120,10.00,,5
28,08	50,T,-RA:02 |RA |RA,FEW:02 55 BKN:07 70 OVC:08 100,10.00,,6
28,09	48,0.02,-RA:02 |RA |RA,SCT:04 75 OVC:08 100,10.00,,5
28,10	47,0.03,-RA:02 |RA |RA,BKN:07 75 OVC:08 90,6.00,,6
28,11	47,0.01,-RA:02 |RA |RA,SCT:04 38 BKN:07 80 OVC:08 100,9.00,,8
28,12	47,0.01,-RA:02 |RA |RA,OVC:08 60,8.00,,6
28,13	46,0.04,-RA:02 BR:1 |RA |RA,OVC:08 60,2.50,,8,46,0.05,RA:02 BR:1 |RA |RA,OVC:08 65,3.00,,9,45,0.09,RA:02 BR:1 |RA |RA,SCT:04 47 BKN:07 55 OVC:08 75,1.75,,3,45,0.12,RA:02 BR:1 |RA |RA,BKN:07 49 OVC:08 70,1.75,,6,45,0.01,-RA:02 BR:1 |RA |RA,OVC:08 50,3.00,,6
28,14	45,0.01,,FEW:02 10 OVC:08 48,10.00,,6
28,15	45,0.00,,OVC:08 43,10.00,,3
28,16	45,0.00,,FEW:02 19 FEW:02 27 OVC:08 35,10.00,,7,45,,,FEW:02 19 SCT:04 26 OVC:08 35,10.00,,5,45,,,SCT:04 18 BKN:07 26 OVC:08 39,10.00,,7
28,17	45,T,-RA:02 |RA |RA,BKN:07 25 OVC:08 33,10.00,,8,45,0.05,-RA:02 BR:1 |RA |RA,OVC:08 18,5.00,,9
28,18	44,0.15,-RA:02 BR:1 |RA |RA,SCT:04 15 BKN:07 25 OVC:08 39,3.00,17,10,44,0.03,+RA:02 BR:1 |RA |RA,OVC:08 17,1.75,,6,45,0.15,-RA:02 BR:1 |RA |RA,FEW:02 8 BKN:07 14 OVC:08 27,6.00,,9,45,0.15,,BKN:07 7 BKN:07 14 OVC:08 30,7.00,,8,45,0.12,BR:1 ||,OVC:08 6,6.00,,9
28,19	45,0.02,-RA:02 BR:1 |RA |RA,OVC:08 6,2.00,,11,46,0.04,-RA:02 BR:1 |RA |RA,OVC:08 5,3.00,,7,46,0.05,BR:1 ||,OVC:08 5,4.00,,8
28,20	46,0.01,BR:1 ||,OVC:08 5,4.00,,11,46,T,-RA:02 BR:1 |RA |RA,OVC:08 5,2.00,,11,46,0.01,-RA:02 BR:1 |RA |RA,OVC:08 5,4.00,,11
28,21	45,0.00,BR:1 ||,OVC:08 5,3.00,,10
28,22	45,,BR:1 ||,OVC:08 4,3.00,23,14,46,,BR:1 ||,OVC:08 4,2.50,,14,46,T,BR:1 ||,OVC:08 4,2.50,,10
28,23	46,0.02,BR:1 ||,OVC:08 4,3.00,25,11,46,,BR:1 ||,OVC:08 5,3.00,23,13,46,0.02,BR:1 ||,OVC:08 5,3.00,23,11
28,24	,,,,,,
29,00	45,,BR:1 ||,OVC:08 4,4.00,22,14,45,0.00,BR:1 ||,OVC:08 4,5.00,17,8
29,01	45,,BR:1 ||,OVC:08 5,4.00,,9,45,,BR:1 ||,OVC:08 4,3.00,20,10,45,T,-RA:02 BR:1 |RA |RA,OVC:08 4,2.50,21,11,45,0.01,-RA:02 BR:1 |RA |RA,OVC:08 4,2.50,24,15
29,02	45,T,BR:1 ||,OVC:08 4,4.00,20,13,45,T,-RA:02 BR:1 |RA |RA,OVC:08 4,3.00,23,10
29,03	45,,BR:1 ||,OVC:08 5,5.00,25,14,45,0.01,BR:1 ||,OVC:08 5,5.00,25,15
29,04	45,,BR:1 ||,OVC:08 4,5.00,29,18,45,,,OVC:08 5,7.00,21,11,45,0.00,,OVC:08 5,7.00,21,14
29,05	45,T,BR:1 ||,OVC:08 4,4.00,26,13,45,,BR:1 ||,OVC:08 4,5.00,26,15
29,06	45,T,BR:1 ||,OVC:08 4,2.50,24,15,45,T,BR:1 ||,OVC:08 4,3.00,24,13,45,T,BR:1 ||,OVC:08 4,3.00,25,17
29,07	45,,BR:1 ||,OVC:08 4,2.50,29,15,45,,BR:1 ||,OVC:08 4,1.75,21,9,45,T,BR:1 ||,OVC:08 4,1.75,21,13
29,08	46,0.01,BR:1 ||,OVC:08 4,2.50,22,14,46,0.01,BR:1 ||,OVC:08 4,2.50,23,11
29,09	47,0.00,BR:1 ||,OVC:08 4,1.75,21,7,46,,BR:1 ||,OVC:08 4,1.50,21,14
29,10	46,0.01,BR:1 ||,OVC:08 4,2.00,23,9,46,0.01,BR:1 ||,OVC:08 4,3.00,22,13
29,11	46,,BR:1 ||,OVC:08 4,2.50,24,17,46,0.01,BR:1 ||,OVC:08 4,2.00,23,8
29,12	45,0.00,BR:1 ||,OVC:08 4,4.00,23,13,45,,BR:1 ||,OVC:08 4,3.00,22,14
29,13	45,0.00,BR:1 ||,OVC:08 4,3.00,25,14
29,14	44,,BR:1 ||,OVC:08 3,2.50,26,18,45,0.00,BR:1 ||,OVC:08 3,2.00,28,15
29,15	45,0.00,BR:1 ||,OVC:08 3,2.50,24,11
29,16	45,,BR:1 ||,OVC:08 3,1.75,24,14,45,0.00,BR:1 ||,OVC:08 3,1.75,,13
29,17	45,,BR:1 ||,OVC:08 4,3.00,21,15,45,,BR:1 ||,OVC:08 4,2.00,18,13,45,0.00,BR:1 ||,OVC:08 4,3.00,21,11,45,,BR:1 ||,OVC:08 4,2.50,,11
29,18	45,0.00,,OVC:08 4,7.00,23,6,45,,BR:1 ||,OVC:08 4,4.00,21,14
29,19	45,0.00,BR:1 ||,OVC:08 5,6.00,20,9
29,20	45,0.00,,OVC:08 5,7.00,21,16
29,21	45,0.00,,OVC:08 5,10.00,18,10
29,22	46,0.00,,OVC:08 5,8.00,,3,46,,,OVC:08 4,7.00,,8
29,23	47,,,OVC:08 6,9.00,,11,47,0.00,BR:1 ||,OVC:08 7,5.00,,8
29,24	,,,,,,
30,00	47,0.00,,OVC:08 7,9.00,,5
30,01	46,0.00,,OVC:08 9,10.00,,7
30,02	46,0.00,,OVC:08 9,10.00,,,46,,,OVC:08 10,10.00,,5,46,,,OVC:08 9,10.00,,0
30,03	45,,,OVC:08 10,10.00,,7,45,0.00,,OVC:08 10,10.00,,6
30,04	44,,,OVC:08 9,10.00,,3,43,0.00,,OVC:08 9,10.00,,6
30,05	43,,,OVC:08 10,10.00,,5,42,0.00,,OVC:08 11,10.00,,6
30,06	42,0.00,,OVC:08 10,10.00,,5
30,07	42,,,OVC:08 9,10.00,,8,42,0.00,,OVC:08 9,10.00,,5
30,08	43,,,OVC:08 10,10.00,,0,43,0.00,,OVC:08 10,10.00,,0
30,09	45,0.00,,OVC:08 12,10.00,,5
30,10	47,0.00,,OVC:08 13,10.00,,5
30,11	49,0.00,,OVC:08 15,10.00,,5,48,,,OVC:08 15,10.00,,5
30,12	52,0.00,,OVC:08 17,9.00,,5
30,13	51,0.00,,OVC:08 15,8.00,,0
30,14	49,0.00,,OVC:08 15,10.00,,6
30,15	48,0.00,,BKN:07 20,10.00,,7
30,16	49,,,FEW:02 21,10.00,,6,48,,,BKN:07 19 OVC:08 75,10.00,,7,49,0.00,,BKN:07 19 OVC:08 70,10.00,,7
30,17	48,,,SCT:04 19 OVC:08 100,9.00,,7,48,0.00,,OVC:08 100,10.00,,6
30,18	48,,,BKN:07 19 BKN:07 85 OVC:08 110,10.00,,5,48,0.00,,OVC:08 20,10.00,,6
30,19	47,,,BKN:07 14 OVC:08 21,9.00,,3,47,,,BKN:07 15 OVC:08 21,10.00,,5,47,T,,BKN:07 15 OVC:08 22,10.00,,5
30,20	45,0.04,,FEW:02 40 OVC:08 65,10.00,,6,45,0.04,,SCT:04 19 SCT:04 40 OVC:08 60,10.00,,3
30,21	45,,,BKN:07 10 OVC:08 50,9.00,,7,45,0.00,,OVC:08 10,8.00,,7
30,22	45,T,-RA:02 |RA |RA,OVC:08 9,9.00,,7,45,,,OVC:08 11,7.00,,0,45,T,,OVC:08 11,7.00,,0
30,23	45,T,-RA:02 |RA |RA,OVC:08 12,10.00,,3
30,24	,,,,,,
31,00	44,0.03,-RA:02 BR:1 |RA |RA,OVC:08 12,2.50,,3,44,0.04,-RA:02 BR:1 |RA |RA,BKN:07 10 OVC:08 15,3.00,,3,44,0.05,-RA:02 BR:1 |RA |RA,BKN:07 10 BKN:07 15 OVC:08 19,3.00,,3,44,T,-RA:02 BR:1 |RA |RA,BKN:07 8 OVC:08 17,4.00,,3
31,01	43,0.01,BR:1 ||,BKN:07 6 BKN:07 14 OVC:08 18,6.00,,7
31,02	43,,,SCT:04 7 BKN:07 14 OVC:08 18,10.00,18,10,42,0.00,,SCT:04 7 BKN:07 13 OVC:08 18,10.00,18,6
31,03	42,,,BKN:07 12 OVC:08 18,10.00,,3,42,,,SCT:04 11 OVC:08 18,10.00,,7,42,0.00,,OVC:08 10,10.00,,3
31,04	42,0.00,,OVC:08 15,10.00,17,11,43,,,OVC:08 15,10.00,17,10
31,05	42,,,OVC:08 13,10.00,,3,41,,,OVC:08 15,10.00,20,9,41,0.00,,OVC:08 17,10.00,,9
31,06	41,0.00,,FEW:02 18 BKN:07 23 OVC:08 39,10.00,,10
31,07	41,,,SCT:04 16 BKN:07 25 OVC:08 42,10.00,,8,41,,,FEW:02 17 SCT:04 23 OVC:08 42,10.00,,8,41,0.00,,OVC:08 17,10.00,16,10
31,08	42,0.00,,OVC:08 22,10.00,,9
31,09	42,0.00,,OVC:08 19,10.00,,9
31,10	44,0.00,,BKN:07 20 OVC:08 46,10.00,,8
31,11	45,0.00,,BKN:07 24 OVC:08 49,10.00,,5
31,12	47,0.00,,OVC:08 27,10.00,,3
31,13	48,,,OVC:08 30,10.00,,3,48,0.00,,OVC:08 30,10.00,,7
31,14	48,0.00,,OVC:08 32,10.00,,3
31,15	48,0.00,,OVC:08 33,10.00,,6
31,16	46,0.00,,OVC:08 31,10.00,,7
31,17	44,0.00,,OVC:08 34,10.00,,5
31,18	43,0.00,,OVC:08 40,10.00,,6
31,19	43,0.00,,OVC:08 41,10.00,,5
31,20	43,,,BKN:07 21 OVC:08 45,10.00,,6,43,0.00,,BKN:07 19 OVC:08 45,10.00,,
31,21	43,0.00,,OVC:08 21,10.00,,7
31,22	42,0.00,,OVC:08 19,10.00,,7
31,23	42,0.00,,OVC:08 21,10.00,,9
31,24	,,,,,,,,,,,,,
